 <pre>

 Contingency table for Visibility (m)
 Selection: ALL    695 stations
Period: 20201228-20210110
Used {00,06,12,18} + 00 01 ... 36
 Limits    1000.00000       5000.00000       10000.0000       20000.0000    
 Each class is data <= limit, the very last > last limit
 Total number of values      795697
                                     OBSERVATION
                                   9275    12473     6336     3161     1449 |     32694
                                  12894    71089    53090    45905    31200 |    214178
                          mc11     2184    21034    23282    32514    33360 |    112374
                                    641     5150     9116    16557    30420 |     61884
                                   4723    31018    46754    95219   196853 |    374567

                    SUM           29717   140764   138578   193356   293282 |    795697
                                     OBSERVATION
                                   9122    12357     6240     3163     1504 |     32386
                                  12959    71279    53047    45764    31157 |    214206
                          mc21     2214    21130    23427    32591    33605 |    112967
                                    629     5161     9352    17062    30657 |     62861
                                   4793    30837    46512    94776   196359 |    373277

                    SUM           29717   140764   138578   193356   293282 |    795697
                                     OBSERVATION
                                   9053    12386     6180     3165     1501 |     32285
                                  12884    70926    52844    45707    31054 |    213415
                          mc31     2277    21098    23523    32598    33602 |    113098
                                    667     5031     9069    16723    29870 |     61360
                                   4836    31323    46962    95163   197255 |    375539

                    SUM           29717   140764   138578   193356   293282 |    795697

