 <pre>

 Contingency table for Visibility (m)
 Selection: ALL    694 stations
Period: 20201228-20210103
Used {00,06,12,18} + 00 01 ... 36
 Limits    1000.00000       5000.00000       10000.0000       20000.0000    
 Each class is data <= limit, the very last > last limit
 Total number of values      387355
                                     OBSERVATION
                                   7039     8877     4246     1976      842 |     22980
                                   8432    43681    31823    26517    17023 |    127476
                          mc11     1080     9723    10408    14468    16155 |     51834
                                    201     1620     3343     6193    12901 |     24258
                                   1907    11718    19403    40005    87774 |    160807

                    SUM           18659    75619    69223    89159   134695 |    387355
                                     OBSERVATION
                                   6953     8789     4156     1984      872 |     22754
                                   8458    43788    31826    26413    16953 |    127438
                          mc21     1094     9581    10310    14255    16003 |     51243
                                    175     1560     3265     6097    12694 |     23791
                                   1979    11901    19666    40410    88173 |    162129

                    SUM           18659    75619    69223    89159   134695 |    387355
                                     OBSERVATION
                                   6836     8845     4181     2020      881 |     22763
                                   8423    43476    31568    26390    16922 |    126779
                          mc31     1102     9601    10350    14192    15729 |     50974
                                    197     1553     3192     5938    11572 |     22452
                                   2101    12144    19932    40619    89591 |    164387

                    SUM           18659    75619    69223    89159   134695 |    387355

