 <pre>

 Contingency table for Cloud cover (octas)
 Selection: ALL    592 stations
Period: 20201228-20210110
Used {00,06,12,18} + 01 03 ... 36
 Limits   0.500000000       1.50000000       2.50000000       3.50000000       4.50000000       5.50000000       6.50000000       7.50000000    
 Each class is data <= limit, the very last > last limit
 Total number of values      605042
                                                       OBSERVATION
                                  14008     2254     1503     1058      634      718      798     2898    12744 |     36615
                                   2326      689      571      467      260      416      443     1788     7680 |     14640
                                   1499      426      353      273      187      304      379     1523     6245 |     11189
                                   1133      349      313      245      159      289      313     1393     5759 |      9953
                          mc11      984      298      314      252      175      290      365     1415     6008 |     10101
                                    935      323      308      303      188      326      372     1569     6984 |     11308
                                   1033      390      400      341      254      386      523     2242     9005 |     14574
                                   1653      562      580      526      414      703      932     3836    16418 |     25624
                                   7979     2689     2491     2871     2220     4971     6904    62619   378294 |    471038

                    SUM           31550     7980     6833     6336     4491     8403    11029    79283   449137 |    605042
                                                       OBSERVATION
                                  13966     2267     1500     1069      625      744      802     2876    12815 |     36664
                                   2403      670      594      457      257      427      434     1888     7900 |     15030
                                   1464      430      372      278      179      304      388     1553     6273 |     11241
                                   1202      353      307      256      176      267      329     1430     5877 |     10197
                          mc21      972      311      314      261      194      298      358     1466     6057 |     10231
                                    967      323      305      298      197      308      377     1613     7035 |     11423
                                   1013      374      391      336      235      406      518     2170     9167 |     14610
                                   1627      538      558      507      392      694      924     3924    16694 |     25858
                                   7936     2714     2492     2874     2236     4955     6899    62363   377319 |    469788

                    SUM           31550     7980     6833     6336     4491     8403    11029    79283   449137 |    605042
                                                       OBSERVATION
                                  13935     2250     1492     1073      616      730      789     2875    12785 |     36545
                                   2437      688      591      440      258      406      450     1840     7743 |     14853
                                   1452      453      383      285      189      313      364     1531     6139 |     11109
                                   1214      340      316      261      171      320      334     1434     5867 |     10257
                          mc31      993      332      310      252      200      289      353     1443     6065 |     10237
                                    959      310      284      282      184      326      367     1598     6892 |     11202
                                   1027      360      396      335      240      390      544     2143     9196 |     14631
                                   1611      581      560      520      366      689      890     3993    16580 |     25790
                                   7922     2666     2501     2888     2267     4940     6938    62426   377870 |    470418

                    SUM           31550     7980     6833     6336     4491     8403    11029    79283   449137 |    605042

