 <pre>

 Contingency table for Cloud cover (octas)
 Selection: ALL    590 stations
Period: 20201228-20210103
Used {00,06,12,18} + 01 03 ... 36
 Limits   0.500000000       1.50000000       2.50000000       3.50000000       4.50000000       5.50000000       6.50000000       7.50000000    
 Each class is data <= limit, the very last > last limit
 Total number of values      292511
                                                       OBSERVATION
                                   6230      955      603      447      273      245      336     1050     3909 |     14048
                                    833      323      180      191      120      150      160      640     1630 |      4227
                                    532      203      143      112       90      136      147      537     1321 |      3221
                                    390      153      122       96       79      126      110      548     1327 |      2951
                          mc11      379      135      134      115       96      112      150      549     1371 |      3041
                                    353      141      139      123       82      133      155      683     1818 |      3627
                                    429      160      168      158      131      180      236      968     2572 |      5002
                                    697      265      290      258      208      336      434     1833     5282 |      9603
                                   4121     1470     1329     1649     1359     2930     3877    34606   195450 |    246791

                    SUM           13964     3805     3108     3149     2438     4348     5605    41414   214680 |    292511
                                                       OBSERVATION
                                   6229      962      592      439      271      257      334     1046     3970 |     14100
                                    854      324      195      197      118      151      168      680     1718 |      4405
                                    550      208      145      113       84      136      139      582     1338 |      3295
                                    424      154      111      104       90      104      117      578     1414 |      3096
                          mc21      362      131      143      116      104      110      152      587     1443 |      3148
                                    387      145      134      117       88      134      138      676     1966 |      3785
                                    378      173      146      155      121      182      241      970     2677 |      5043
                                    693      256      273      235      195      331      428     1901     5469 |      9781
                                   4087     1452     1369     1673     1367     2943     3888    34394   194685 |    245858

                    SUM           13964     3805     3108     3149     2438     4348     5605    41414   214680 |    292511
                                                       OBSERVATION
                                   6230      958      599      461      270      260      333     1064     3903 |     14078
                                    888      337      197      176      120      144      178      630     1693 |      4363
                                    551      224      147      114       85      139      131      566     1295 |      3252
                                    424      135      121      100       81      135      130      575     1386 |      3087
                          mc31      380      154      130      111      107      118      139      566     1401 |      3106
                                    369      138      123      115       87      137      133      707     1874 |      3683
                                    398      169      147      149      115      173      257      943     2656 |      5007
                                    693      259      277      258      190      347      389     1875     5429 |      9717
                                   4031     1431     1367     1665     1383     2895     3915    34488   195043 |    246218

                    SUM           13964     3805     3108     3149     2438     4348     5605    41414   214680 |    292511

